830
574 538
101 756
52 88
1 6
801 683
46 140
558 560
214 53
433 96
278 639
632 121
45 106
91 59
517 753
246 185
457 47
58 758
794 445
268 101
84 59
59 121
96 24
261 400
435 69
357 808
122 130
50 99
69 330
363 237
573 121
673 123
284 126
23 1
4 2
68 253
168 598
6 159
264 582
108 73
127 113
39 57
8 358
65 799
548 441
128 45
223 264
149 132
588 492
699 4
252 392
84 650
255 39
755 826
60 447
404 295
405 11
804 623
1 526
14 73
50 14
687 234
677 213
321 645
72 93
362 211
586 438
350 622
26 374
58 814
233 423
138 297
186 623
19 61
427 693
170 508
41 27
702 509
339 24
425 403
125 343
104 761
224 163
465 293
70 49
330 746
452 135
720 172
136 12
91 615
356 290
610 516
14 51
316 88
122 655
358 377
497 264
185 55
498 406
211 129
740 671
251 98
104 82
609 694
372 575
416 344
44 54
41 216
68 196
697 306
203 131
129 366
69 25
471 528
34 13
156 320
383 283
39 238
59 123
728 235
635 433
666 738
142 207
340 202
350 647
201 89
375 442
257 259
43 1
183 260
9 406
251 272
479 167
321 817
7 487
213 597
228 241
158 712
177 592
686 102
408 312
137 157
782 504
394 90
55 32
21 129
583 254
210 166
365 771
244 170
131 146
335 85
291 334
212 140
50 602
79 785
104 679
72 328
271 127
451 145
376 661
8 480
118 485
620 405
120 31
496 367
59 194
184 296
409 83
292 203
613 133
679 805
53 173
336 20
64 110
24 126
35 107
463 567
171 63
12 724
365 298
64 90
22 4
596 361
133 281
240 77
37 44
438 16
357 195
116 34
159 184
361 237
376 221
382 807
509 309
133 42
584 72
106 614
283 460
57 220
395 189
447 659
173 768
243 375
111 444
471 741
191 34
641 228
726 777
626 272
19 302
36 34
79 229
739 384
105 7
384 393
13 81
171 820
65 34
90 638
496 656
449 127
320 474
74 544
455 193
758 825
176 209
193 704
52 22
36 48
177 47
57 323
50 137
215 373
189 512
305 368
535 821
414 226
135 84
283 493
769 201
734 444
454 241
60 12
243 402
555 191
20 182
721 142
320 367
276 158
676 589
743 532
430 303
129 169
211 232
83 144
692 303
562 227
157 561
669 244
370 1
115 186
531 279
306 355
47 49
53 64
55 554
285 182
151 517
490 325
236 351
417 62
790 101
50 53
68 72
2 31
420 311
76 663
762 257
223 26
266 269
256 737
235 35
215 230
483 811
89 80
184 313
681 675
249 668
199 132
98 162
242 317
18 20
462 275
94 73
123 326
361 684
215 570
467 136
436 469
591 316
25 263
295 60
791 315
103 94
486 152
563 24
682 31
538 60
256 643
110 134
385 471
501 649
276 595
382 372
54 536
766 658
200 257
120 160
167 421
150 41
478 189
534 34
138 213
9 4
516 566
118 22
345 323
270 732
671 159
262 9
432 90
485 654
450 283
553 636
111 23
16 29
298 50
695 731
637 227
248 773
132 101
623 819
689 700
749 129
17 258
369 103
423 709
500 815
206 185
653 583
29 239
279 827
38 33
542 503
27 1
29 190
150 324
587 350
315 60
17 26
571 69
274 252
388 302
265 248
674 289
112 4
722 251
594 13
66 774
399 266
369 557
173 286
42 378
803 695
37 141
476 289
69 153
652 161
263 510
395 716
390 459
133 287
314 134
189 108
66 208
1 25
695 100
579 240
424 50
371 500
386 340
292 792
175 252
604 106
244 495
391 419
267 260
8 757
45 33
82 115
216 256
273 522
307 248
41 175
58 341
14 12
15 529
22 77
278 28
396 169
319 516
809 132
148 813
343 530
242 170
60 154
250 332
607 512
776 397
719 525
45 559
103 525
123 540
688 627
275 214
233 380
342 707
735 264
95 161
740 818
468 568
550 306
75 29
22 83
170 45
523 708
589 88
422 644
599 789
788 218
108 245
714 206
437 117
129 148
74 58
426 410
9 10
518 218
523 478
44 333
80 79
631 493
648 291
680 516
56 581
685 750
12 46
453 257
685 680
109 152
104 218
63 283
468 228
213 524
530 578
288 124
55 82
641 691
106 353
233 759
172 74
9 482
713 653
220 397
149 398
484 133
52 76
338 6
284 572
553 6
107 348
433 621
1 13
3 1
155 26
39 3
46 311
126 294
67 477
718 414
237 190
642 392
475 107
28 7
82 748
198 122
470 446
234 230
51 797
254 15
20 179
546 259
209 549
37 34
618 698
282 92
224 243
501 532
100 665
124 319
772 186
830 413
726 492
12 19
408 564
114 781
67 25
20 33
2 24
189 760
343 344
14 100
558 175
337 209
253 798
520 216
176 116
158 136
432 473
139 53
290 628
41 62
611 705
150 204
779 737
271 273
439 377
353 824
221 98
132 352
85 114
1 503
593 547
55 277
505 349
20 577
447 511
492 258
706 666
114 347
175 227
723 526
205 215
581 624
71 630
431 52
551 576
501 413
279 215
742 691
106 342
256 683
463 55
183 11
138 60
630 822
461 152
132 410
39 86
349 407
83 193
280 15
7 391
68 45
427 142
303 92
217 61
464 413
551 416
122 1
221 318
103 321
82 97
364 278
63 619
581 629
85 46
98 308
476 569
73 372
36 675
90 428
312 660
138 168
729 716
270 225
335 379
309 657
775 564
1 2
153 747
103 533
389 765
443 52
679 767
71 290
806 22
189 507
446 232
701 307
441 795
5 15
311 445
256 346
142 91
125 114
415 295
545 497
413 229
618 169
30 20
304 209
466 375
47 59
590 567
9 12
104 226
755 139
299 240
243 384
736 373
715 146
188 429
688 710
666 596
49 504
711 333
678 100
32 10
102 9
180 169
7 1
552 38
92 78
16 47
125 329
419 783
458 133
102 233
286 360
143 81
441 87
107 787
225 156
419 664
96 440
205 74
110 812
608 784
79 192
800 28
513 481
57 312
521 291
168 751
37 672
34 411
42 66
202 181
371 267
50 63
515 717
535 422
81 250
62 608
532 617
145 134
543 371
6 151
97 519
219 494
9 306
601 179
79 62
327 434
612 796
625 228
95 147
98 8
174 4
475 483
9 163
20 40
44 627
403 166
147 605
16 13
225 354
34 322
150 219
17 5
100 350
28 195
828 277
290 387
20 58
352 600
117 506
485 793
261 13
20 349
266 119
422 140
94 95
197 138
89 117
90 291
606 571
745 701
472 155
616 104
231 210
733 239
750 752
247 160
401 3
341 634
156 114
180 456
580 380
101 289
20 21
646 587
21 87
390 810
64 690
347 670
8 11
603 200
802 654
350 359
412 384
311 730
11 18
541 523
556 98
481 137
68 167
537 377
228 75
65 300
164 14
209 816
241 301
585 422
77 527
331 81
54 165
249 134
823 33
131 61
70 325
248 514
23 56
310 92
557 780
3 5
63 109
502 354
224 390
374 491
